00001111111111000000000100110111
00000000000000000000000010010011
00000000000100010010001000100011
00000000000100010010000000100011
00000000000100010010011000100011
00110000000000000000000010010011
00000000000100010010010000100011
00001111111111011110000100110111
01111111111100010000000100010011
00000000000100010000000100010011
11111111111100000000000010010011
00000000000100010010000000100011
00000000000100010010001000100011
00000010000100010010001000100011
00000000000000000000000000010011
00000000000000000000000000010011
11111110000000000000111001100011
